0 0.2600806451612903 0.2768777614138439 0.1935483870967742 0.21944035346097202
0 0.34475806451612906 0.2702503681885125 0.09005376344086022 0.22533136966126657
1 0.24327956989247312 0.6318114874815906 0.0793010752688172 0.4329896907216495
1 0.1814516129032258 0.6686303387334315 0.11424731182795698 0.3858615611192931
0 0.21370967741935484 0.780559646539028 0.1639784946236559 0.11192930780559647
4 0.24663978494623656 0.8667157584683358 0.2862903225806452 0.13402061855670103
4 0.23454301075268819 0.7628865979381443 0.31048387096774194 0.36229749631811486
1 0.5504032258064516 0.7827687776141384 0.25 0.30338733431516934
1 0.6014784946236559 0.8085419734904271 0.27553763440860213 0.38291605301914583
1 0.6592741935483871 0.8586156111929307 0.5389784946236559 0.25625920471281294
4 0.6155913978494624 0.8475699558173785 0.1424731182795699 0.30486008836524303
4 0.5658602150537635 0.8829160530191458 0.11021505376344086 0.2341678939617084