1 0.2985026041666667 0.30998509687034276 0.061848958333333336 0.5096870342771982
0 0.1669921875 0.2749627421758569 0.09244791666666667 0.21907600596125187
0 0.2571614583333333 0.2421758569299553 0.142578125 0.22354694485842028
1 0.6604817708333334 0.22727272727272727 0.421875 0.22727272727272727
1 0.6585286458333334 0.23695976154992549 0.4254557291666667 0.2690014903129657
1 0.10709635416666667 0.8435171385991058 0.12565104166666666 0.31296572280178836
0 0.1513671875 0.9396423248882265 0.06966145833333333 0.12071535022354694
4 0.15657552083333334 0.9083457526080477 0.061848958333333336 0.18330849478390462
1 0.9501953125 0.9500745156482862 0.099609375 0.09985096870342772
0 0.9456380208333334 0.9523099850968704 0.10872395833333333 0.09538002980625931
4 0.916015625 0.9329359165424739 0.06510416666666667 0.13412816691505217
4 0.9361979166666666 0.9299552906110283 0.12760416666666666 0.14008941877794337