1 0.18807339449541285 0.15855572998430142 0.3761467889908257 0.31711145996860285
1 0.16571100917431192 0.18288854003139718 0.33142201834862384 0.36577708006279436
1 0.9369266055045872 0.33437990580847726 0.10321100917431193 0.3704866562009419
1 0.7454128440366973 0.22135007849293564 0.1720183486238532 0.20094191522762953
0 0.8033256880733946 0.3516483516483517 0.23623853211009174 0.16797488226059654
1 0.8446100917431193 0.1271585557299843 0.231651376146789 0.11930926216640503
4 0.8922018348623854 0.33516483516483514 0.11353211009174312 0.29199372056514916
1 0.06651376146788991 0.8775510204081632 0.13302752293577982 0.23547880690737832
1 0.10206422018348624 0.8744113029827315 0.20412844036697247 0.25117739403453687
0 0.7620412844036697 0.8367346938775511 0.11697247706422019 0.17111459968602827
0 0.6783256880733946 0.8720565149136578 0.03784403669724771 0.17739403453689168
1 0.8526376146788991 0.6287284144427001 0.2947247706422018 0.21821036106750394
1 0.8262614678899083 0.6287284144427001 0.33371559633027525 0.18995290423861852
1 0.8297018348623854 0.7182103610675039 0.34059633027522934 0.39717425431711145