1 0.25308641975308643 0.2259083728278041 0.3176206509539843 0.10821484992101106
0 0.23737373737373738 0.1429699842022117 0.11840628507295174 0.12717219589257503
1 0.22166105499438832 0.2835703001579779 0.19865319865319866 0.2764612954186414
4 0.2441077441077441 0.18325434439178515 0.30976430976430974 0.08609794628751975
4 0.18462401795735128 0.12796208530805686 0.25813692480359146 0.20853080568720378
1 0.6762065095398428 0.334913112164297 0.2143658810325477 0.16429699842022116
4 0.6144781144781145 0.4462875197472354 0.09090909090909091 0.1848341232227488
4 0.6739618406285073 0.3736176935229068 0.20987654320987653 0.11532385466034756
4 0.6565656565656566 0.29541864139020535 0.1750841750841751 0.48657187993680884
1 0.030864197530864196 0.6793048973143759 0.06172839506172839 0.2812006319115324
1 0.17901234567901234 0.7598736176935229 0.35802469135802467 0.31911532385466035
0 0.10381593714927048 0.7030015797788309 0.20763187429854096 0.31911532385466035
0 0.1335578002244669 0.6263823064770933 0.2671156004489338 0.17535545023696683
1 0.8383838383838383 0.8712480252764613 0.32323232323232326 0.2575039494470774
1 0.8305274971941639 0.8696682464454977 0.3389450056116723 0.26066350710900477