1 0.2369186046511628 0.09738372093023256 0.4738372093023256 0.19476744186046513
1 0.1613372093023256 0.12281976744186046 0.3226744186046512 0.24563953488372092
1 0.8568313953488372 0.15479651162790697 0.2863372093023256 0.20494186046511628
1 0.842296511627907 0.17659883720930233 0.31540697674418605 0.25726744186046513
0 0.875 0.10392441860465117 0.23255813953488372 0.20784883720930233
4 0.8343023255813954 0.056686046511627904 0.3313953488372093 0.11337209302325581
4 0.8495639534883721 0.11264534883720931 0.3008720930232558 0.17005813953488372
0 0.3561046511627907 0.8161337209302325 0.33575581395348836 0.26744186046511625
1 0.8677325581395349 0.8132267441860465 0.26453488372093026 0.1613372093023256
1 0.8728197674418605 0.7630813953488372 0.2543604651162791 0.14825581395348839
0 0.8815406976744186 0.8204941860465116 0.2369186046511628 0.24273255813953487
4 0.7957848837209303 0.6475290697674418 0.3938953488372093 0.4578488372093023
4 0.9236918604651163 0.8510174418604651 0.15261627906976744 0.1438953488372093