1 0.2396280400572246 0.2665130568356375 0.3590844062947067 0.13671274961597543
1 0.21387696709585122 0.22657450076804916 0.4105865522174535 0.1152073732718894
0 0.14878397711015737 0.27112135176651303 0.22031473533619456 0.1889400921658986
4 0.1380543633762518 0.23425499231950844 0.2761087267525036 0.38556067588325654
4 0.046494992846924176 0.2250384024577573 0.08583690987124463 0.37019969278033793
1 0.7646638054363376 0.3778801843317972 0.3876967095851216 0.522273425499232
1 0.748211731044349 0.37557603686635943 0.4005722460658083 0.5268817204301075
1 0.3283261802575107 0.8195084485407066 0.18168812589413447 0.36098310291858676
0 0.3054363376251788 0.8509984639016898 0.22746781115879827 0.1597542242703533
0 0.15164520743919885 0.9592933947772657 0.3032904148783977 0.08141321044546851
1 0.7525035765379113 0.8978494623655914 0.43204577968526464 0.20430107526881722
4 0.7639484978540773 0.8755760368663594 0.3805436337625179 0.2488479262672811
4 0.9141630901287554 0.8448540706605223 0.15164520743919885 0.3102918586789555
4 0.6645207439198856 0.7841781874039938 0.4907010014306152 0.17665130568356374