1 0.17681623931623933 0.33544921875 0.29914529914529914 0.1708984375
1 0.45245726495726496 0.31982421875 0.1388888888888889 0.2607421875
0 0.469017094017094 0.36767578125 0.14636752136752137 0.1396484375
4 0.4305555555555556 0.3310546875 0.1111111111111111 0.23828125
4 0.4321581196581197 0.390625 0.23717948717948717 0.1083984375
2 0.43536324786324787 0.3896484375 0.2361111111111111 0.1416015625
0 0.6271367521367521 0.2001953125 0.1346153846153846 0.12890625
2 0.8311965811965812 0.189453125 0.12393162393162394 0.2412109375
0 0.2564102564102564 0.73974609375 0.1875 0.13427734375
0 0.08920940170940171 0.68896484375 0.12767094017094016 0.09423828125
0 0.4182692307692308 0.6416015625 0.10202991452991453 0.16357421875
1 0.8349358974358975 0.6240234375 0.3301282051282051 0.15234375
0 0.9123931623931624 0.6591796875 0.1752136752136752 0.13671875
0 0.6832264957264957 0.65478515625 0.18376068376068377 0.169921875