0 0.29364161849710985 0.3048780487804878 0.13179190751445086 0.14363143631436315
0 0.12196531791907514 0.3346883468834688 0.24393063583815028 0.20596205962059622
1 0.8023121387283237 0.3089430894308943 0.35722543352601155 0.08265582655826559
1 0.7057803468208093 0.3787262872628726 0.35028901734104045 0.14227642276422764
0 0.5277456647398844 0.3346883468834688 0.17572254335260115 0.14092140921409213
4 0.5757225433526012 0.3333333333333333 0.30289017341040464 0.21002710027100271
2 0.5578034682080925 0.3245257452574526 0.2855491329479769 0.2506775067750677
2 0.18208092485549132 0.9119241192411924 0.2300578034682081 0.17615176151761516
2 0.3265895953757225 0.513550135501355 0.06589595375722543 0.12737127371273713
0 0.5757225433526012 0.5271002710027101 0.21271676300578035 0.15447154471544716
2 0.5566473988439307 0.8265582655826558 0.3468208092485549 0.22357723577235772