0 0.32212581344902386 0.31464379947229554 0.2386117136659436 0.20448548812664907
0 0.3920824295010846 0.07453825857519789 0.15509761388286333 0.14907651715039577
0 0.7321041214750542 0.3733509234828496 0.21258134490238612 0.21108179419525067
2 0.8796095444685467 0.34366754617414247 0.24078091106290672 0.2704485488126649
4 0.6285249457700651 0.316622691292876 0.13774403470715835 0.16094986807387862
2 0.9614967462039046 0.3403693931398417 0.0770065075921909 0.13720316622691292
0 0.08026030368763558 0.5098944591029023 0.16052060737527116 0.06200527704485488
0 0.1334056399132321 0.525065963060686 0.19739696312364424 0.09234828496042216
0 0.762472885032538 0.6358839050131926 0.20607375271149675 0.15303430079155672
0 0.6317787418655098 0.7203166226912929 0.1442516268980477 0.23482849604221637
2 0.7917570498915402 0.8258575197889182 0.21800433839479394 0.31398416886543534