0 0.3570336391437309 0.41688829787234044 0.29204892966360857 0.10505319148936171
0 0.1551987767584098 0.4035904255319149 0.1819571865443425 0.13164893617021275
0 0.08792048929663608 0.3390957446808511 0.17584097859327216 0.25
0 0.15902140672782875 0.2765957446808511 0.22629969418960244 0.2699468085106383
0 0.8654434250764526 0.363031914893617 0.2691131498470948 0.2127659574468085
0 0.8287461773700305 0.3949468085106383 0.16819571865443425 0.14893617021276595
0 0.6123853211009175 0.3636968085106383 0.0871559633027523 0.19281914893617022
0 0.6834862385321101 0.39561170212765956 0.1529051987767584 0.14760638297872342
0 0.6873088685015291 0.3703457446808511 0.23700305810397554 0.1981382978723404
2 0.503822629969419 0.8291223404255319 0.12996941896024464 0.12632978723404256
4 0.518348623853211 0.5405585106382979 0.10091743119266056 0.1422872340425532
0 0.8631498470948012 0.6050531914893617 0.20489296636085627 0.2473404255319149