3 0.2692307692307692 0.18727598566308243 0.07807118254879448 0.0967741935483871
2 0.7376578645235362 0.1586021505376344 0.09070034443168772 0.1827956989247312
4 0.7141216991963261 0.3225806451612903 0.08725602755453502 0.17204301075268819
4 0.7422502870264064 0.33154121863799285 0.06314580941446613 0.15412186379928317
2 0.6911595866819747 0.31899641577060933 0.10332950631458095 0.17383512544802868
3 0.3266360505166475 0.7446236559139785 0.05855338691159587 0.13978494623655913
2 0.7543053960964409 0.8754480286738351 0.10619977037887486 0.14336917562724014
4 0.7072330654420207 0.6980286738351255 0.24167623421354764 0.18369175627240145
4 0.7376578645235362 0.8342293906810035 0.07175660160734787 0.1774193548387097
4 0.6819747416762342 0.7840501792114696 0.0878300803673938 0.21057347670250895
4 0.7187141216991964 0.7562724014336918 0.09414466130884042 0.23297491039426524
4 0.7520091848450058 0.6783154121863799 0.1182548794489093 0.06182795698924731