2 0.31106471816283926 0.49142857142857144 0.20668058455114824 0.09285714285714286
2 0.3298538622129436 0.49214285714285716 0.162839248434238 0.06857142857142857
2 0.6419624217118998 0.31 0.10438413361169102 0.24142857142857144
2 0.7698329853862212 0.3742857142857143 0.10647181628392484 0.21857142857142858
2 0.9373695198329853 0.25785714285714284 0.11064718162839249 0.16714285714285715
2 0.5621085594989561 0.35 0.026096033402922755 0.24857142857142858
2 0.34029227557411273 0.9364285714285714 0.16127348643006262 0.06142857142857143
2 0.3663883089770355 0.8921428571428571 0.17640918580375783 0.09071428571428572
4 0.19363256784968685 0.8742857142857143 0.1873695198329854 0.10571428571428572
2 0.20981210855949894 0.925 0.1440501043841336 0.09142857142857143
2 0.8183716075156576 0.8378571428571429 0.1638830897703549 0.15142857142857144
2 0.7948851774530271 0.9128571428571428 0.08559498956158663 0.16285714285714287
2 0.8397703549060542 0.8471428571428572 0.08768267223382047 0.19428571428571428