2 0.13230519480519481 0.18005018820577165 0.20292207792207792 0.19071518193224593
2 0.8303571428571429 0.1806775407779172 0.18181818181818182 0.164366373902133
2 0.7508116883116883 0.1863237139272271 0.1525974025974026 0.16938519447929737
2 0.6842532467532467 0.2302383939774153 0.1590909090909091 0.14554579673776663
2 0.6006493506493507 0.21518193224592222 0.1185064935064935 0.11543287327478043
4 0.672077922077922 0.11731493099121706 0.34415584415584416 0.17189460476787954
4 0.6314935064935064 0.11355081555834379 0.262987012987013 0.15181932245922208
4 0.5511363636363636 0.24153074027603513 0.10227272727272728 0.13174404015056462
3 0.26055194805194803 0.5376411543287327 0.1396103896103896 0.07151819322459223
2 0.6590909090909091 0.8180677540777918 0.0698051948051948 0.15934755332496864
2 0.640422077922078 0.8450439146800501 0.09253246753246754 0.1668757841907152
2 0.6915584415584416 0.8745294855708908 0.12337662337662338 0.15181932245922208
2 0.6891233766233766 0.8343789209535759 0.10714285714285714 0.2095357590966123